MOOSTimeWarp = $(WARP)
LatOrigin  = 31.421064
LongOrigin = -80.921200
