MOOSTimeWarp = 50
LatOrigin  = 43.825300
LongOrigin = -70.330400
